nServices = 75;
nDrivers = 30;
nBuses = 30;
maxBuses = 25;
BM = 50;
CBM = 0.5;
CEM = 0.75;

ST = [204  80  350  154  221  415  121  160  444  388  384  106  159  32  324  85  99  49  355  324  473  154  246  103  256  267  109  338  79  297  313  233  164  477  286  324  45  288  369  327  326  52  82  466  92  316  169  42  363  218  452  96  49  118  244  137  442  461  176  437  94  378  468  144  136  171  190  304  220  442  27  289  236  113  255];
DM = [44  94  94  30  99  53  21  86  27  26  59  91  82  22  86  25  24  16  95  22  4  11  51  5  36  38  51  79  69  19  26  53  98  3  80  70  42  76  94  33  61  73  87  5  4  80  75  71  18  60  27  67  8  6  51  24  26  6  13  15  78  28  12  38  74  52  8  29  32  0  92  2  64  53  11];
DK = [3  36  16  17  30  30  8  10  9  39  18  13  24  50  2  18  45  25  24  31  33  5  9  31  3  18  23  33  2  14  9  34  24  23  37  41  49  31  23  29  50  9  31  5  5  44  23  30  16  15  47  18  20  49  48  42  21  48  22  12  46  29  9  10  20  13  15  16  42  47  42  44  17  32  37];
NP = [26  55  65  69  7  16  4  21  6  17  31  45  15  63  2  17  31  70  49  12  51  47  72  58  11  58  51  18  32  32  19  22  10  31  0  2  63  5  49  40  57  52  45  8  14  24  57  62  44  65  43  26  14  12  4  37  36  59  62  54  14  2  38  33  30  11  46  38  62  27  58  71  72  59  13];

cap = [38  32  27  36  25  34  24  28  32  38  28  23  31  35  20  21  26  35  21  21  36  28  25  27  35  32  29  24  38  30];
eurosMin = [0.24  0.05  0.36  0.17  0.2  0.36  0.33  0.25  0.28  0.15  0.38  0.43  0.15  0.35  0.2  0.06  0.3  0.07  0.24  0.4  0.21  0.14  0.43  0.31  0.02  0.13  0.0  0.34  0.25  0.25];
eurosKm = [0.17  0.3  0.11  0.45  0.12  0.44  0.36  0.03  0.33  0.16  0.45  0.11  0.46  0.35  0.11  0.49  0.2  0.1  0.43  0.45  0.24  0.17  0.21  0.21  0.39  0.23  0.11  0.14  0.32  0.46];

maxD = [272  255  256  348  343  363  293  346  240  348  311  386  382  343  362  334  371  318  316  365  386  328  370  271  380  254  374  286  384  400];

