nServices = 100;
nDrivers = 65;
nBuses = 65;
maxBuses = 60;
BM = 50;
CBM = 0.5;
CEM = 0.75;

ST = [246  182  57  280  442  93  288  65  41  188  204  169  168  352  388  2  32  370  179  134  328  134  293  43  382  180  264  283  394  29  278  180  268  381  1  84  171  382  304  332  53  433  427  464  105  120  399  207  305  234  244  452  81  372  376  390  475  307  11  413  151  54  320  399  270  8  48  113  194  115  267  264  73  287  471  261  62  312  120  192  278  183  136  32  169  387  462  166  273  121  7  225  119  190  439  322  377  381  478  273];
DM = [22  91  64  70  32  10  1  83  11  37  19  94  8  25  44  98  16  66  19  26  77  46  91  86  60  97  54  0  84  86  47  89  38  70  43  44  8  2  58  4  100  42  29  0  53  24  6  0  27  70  16  4  26  61  12  43  2  0  55  65  0  62  99  34  68  19  64  61  67  28  82  12  15  25  0  75  9  93  74  12  71  98  22  34  52  66  10  36  30  15  33  70  96  17  13  56  40  66  1  3];
DK = [1  42  48  34  17  21  45  32  45  27  44  24  45  39  34  30  43  42  39  15  47  39  35  38  47  10  45  26  12  4  9  14  20  27  42  30  38  41  5  27  50  25  31  34  45  43  47  30  20  38  19  4  8  27  46  2  10  29  42  30  49  42  34  33  46  6  28  30  25  28  35  28  4  19  0  40  17  30  43  45  28  50  10  32  3  28  21  5  37  17  3  0  17  27  29  1  0  26  36  8];
NP = [2  32  52  41  71  63  19  12  75  8  19  38  51  3  63  61  37  70  20  19  35  10  22  26  34  59  9  20  30  23  1  55  59  18  7  43  27  15  25  46  9  47  58  14  11  61  28  34  47  67  36  62  65  32  70  29  28  43  41  72  6  75  20  39  72  22  45  2  54  29  37  64  51  19  19  69  23  35  3  36  61  44  59  74  10  41  11  71  73  31  75  55  68  39  10  74  60  73  75  66];

cap = [21  20  24  28  32  38  26  32  29  26  26  36  40  30  20  20  32  40  34  35  35  25  31  34  36  35  31  34  35  34  21  33  25  27  25  29  29  39  23  37  25  40  38  38  30  23  35  34  31  25  25  28  35  25  37  20  35  29  21  20  34  27  40  32  27];
eurosMin = [0.1  0.14  0.48  0.26  0.49  0.18  0.01  0.08  0.21  0.38  0.13  0.18  0.31  0.4  0.22  0.49  0.26  0.4  0.1  0.35  0.38  0.15  0.49  0.08  0.14  0.0  0.18  0.13  0.12  0.06  0.33  0.21  0.1  0.08  0.07  0.34  0.02  0.27  0.38  0.08  0.42  0.01  0.05  0.25  0.33  0.21  0.17  0.33  0.0  0.34  0.36  0.48  0.03  0.25  0.47  0.15  0.25  0.2  0.18  0.01  0.18  0.28  0.25  0.13  0.17];
eurosKm = [0.03  0.41  0.31  0.32  0.25  0.15  0.08  0.23  0.25  0.01  0.23  0.18  0.14  0.4  0.24  0.07  0.34  0.24  0.09  0.09  0.48  0.17  0.26  0.36  0.37  0.09  0.44  0.11  0.02  0.22  0.36  0.38  0.35  0.34  0.3  0.39  0.34  0.01  0.08  0.09  0.49  0.24  0.22  0.33  0.24  0.2  0.21  0.42  0.48  0.07  0.45  0.43  0.06  0.09  0.5  0.4  0.37  0.38  0.19  0.38  0.48  0.16  0.05  0.15  0.34];

maxD = [363  283  334  337  294  294  274  309  255  312  372  263  250  288  358  266  308  386  328  248  378  320  391  283  243  343  385  385  312  320  340  315  278  333  245  345  241  390  278  365  354  298  255  339  395  255  360  254  329  339  300  389  365  252  330  257  370  392  369  340  269  367  250  269  366];

