nServices = 150;
nDrivers = 65;
nBuses = 65;
maxBuses = 60;
BM = 50;
CBM = 0.5;
CEM = 0.75;

ST = [330  183  68  439  317  301  409  458  116  294  133  202  357  183  56  239  115  446  188  207  287  410  421  269  253  100  376  302  161  317  157  266  223  447  346  177  170  234  89  11  451  117  79  13  169  344  209  49  460  314  111  107  48  242  244  218  181  398  375  10  249  426  132  3  161  421  179  408  32  365  169  284  345  454  46  304  214  114  103  229  359  33  6  97  223  410  335  22  453  0  210  385  168  477  321  256  82  118  99  49  120  29  41  237  410  429  218  403  253  372  348  104  282  441  156  224  372  275  478  458  458  74  54  421  454  183  56  50  414  302  307  65  114  35  311  195  370  392  413  269  370  76  210  295  67  72  302  456  333  56];
DM = [1  39  0  16  34  29  33  12  65  64  57  91  79  41  9  75  24  1  50  14  24  57  17  6  21  62  51  81  36  82  80  68  58  19  94  66  31  31  2  20  29  25  100  41  46  41  65  72  8  12  47  67  87  51  44  85  45  39  93  96  53  45  7  87  46  10  98  45  78  34  6  47  97  19  45  85  21  1  58  17  31  88  28  47  2  53  36  73  22  59  4  94  34  1  33  16  44  87  72  53  25  13  65  95  67  9  83  37  81  16  56  75  62  30  8  86  72  33  0  8  4  47  24  21  0  78  56  80  10  27  69  99  69  85  41  95  56  85  23  62  50  97  58  30  71  97  86  1  99  22];
DK = [12  37  41  37  30  7  30  24  41  17  44  28  9  10  7  42  40  33  9  7  48  1  23  27  31  0  8  6  16  0  20  3  38  39  22  34  4  11  19  13  7  47  27  31  19  28  38  10  38  13  49  22  45  13  35  49  6  38  22  36  40  21  38  12  39  50  22  31  32  20  31  7  11  22  45  39  47  9  32  39  32  7  17  48  21  12  26  6  4  11  14  35  4  32  12  50  39  19  8  12  3  21  49  11  35  28  29  44  37  17  22  23  6  37  34  9  17  42  43  45  44  45  27  32  31  40  44  38  32  42  27  11  35  12  20  39  40  31  50  48  33  6  19  43  44  48  30  13  7  50];
NP = [55  7  21  12  67  33  50  34  31  50  28  44  75  32  2  30  75  60  48  22  1  49  43  23  66  21  29  74  15  19  34  26  63  67  3  22  62  12  17  44  43  55  17  9  9  33  1  1  36  62  42  74  4  13  55  58  8  11  40  26  23  28  35  62  57  65  67  46  74  62  56  28  4  40  30  73  53  32  53  15  56  3  55  12  66  9  28  58  71  70  18  64  32  24  18  21  21  27  71  48  7  45  56  68  12  53  17  60  46  18  12  64  63  36  39  26  8  59  56  71  33  61  68  16  38  63  29  25  51  53  45  65  5  3  51  57  14  33  7  67  28  25  4  25  60  8  51  25  18  42];

cap = [20  38  32  29  29  33  25  20  39  35  22  34  27  29  20  40  21  21  32  38  37  25  35  36  39  30  26  20  36  20  29  37  24  21  34  23  35  37  31  28  37  34  26  24  23  20  22  35  29  24  28  24  40  36  20  33  25  27  36  22  29  20  38  39  35];
eurosMin = [0.18  0.25  0.36  0.28  0.14  0.38  0.32  0.13  0.0  0.24  0.07  0.1  0.03  0.1  0.37  0.06  0.14  0.22  0.13  0.27  0.25  0.05  0.12  0.37  0.09  0.33  0.23  0.37  0.12  0.41  0.36  0.42  0.46  0.1  0.33  0.21  0.06  0.27  0.43  0.18  0.23  0.01  0.32  0.48  0.09  0.4  0.14  0.14  0.43  0.48  0.43  0.15  0.08  0.09  0.39  0.09  0.3  0.05  0.34  0.04  0.35  0.32  0.09  0.44  0.15];
eurosKm = [0.05  0.0  0.24  0.35  0.13  0.02  0.18  0.44  0.18  0.13  0.39  0.02  0.09  0.46  0.13  0.12  0.17  0.37  0.38  0.5  0.35  0.29  0.27  0.33  0.44  0.03  0.35  0.01  0.25  0.2  0.44  0.16  0.14  0.42  0.28  0.22  0.15  0.04  0.37  0.36  0.11  0.02  0.43  0.04  0.46  0.24  0.47  0.33  0.16  0.46  0.05  0.11  0.44  0.03  0.29  0.24  0.36  0.44  0.24  0.36  0.36  0.08  0.34  0.21  0.17];

maxD = [338  263  317  390  331  285  344  244  295  354  323  364  395  382  273  240  251  264  248  300  333  372  317  397  338  288  260  282  388  287  363  338  277  324  249  285  327  325  265  370  244  269  327  400  247  385  375  279  400  358  281  346  393  381  368  316  322  359  247  385  351  304  350  259  254];

