nServices = 200;
nDrivers = 70;
nBuses = 70;
maxBuses = 65;
BM = 50;
CBM = 0.5;
CEM = 0.75;

ST = [479  65  245  93  178  299  274  118  351  180  181  292  141  47  340  396  432  271  31  435  137  256  295  430  341  89  327  396  271  347  463  2  402  294  116  308  410  295  92  308  374  436  129  472  268  283  446  392  326  137  96  144  304  108  338  102  130  417  40  413  222  344  444  176  299  116  445  458  233  141  238  325  293  315  247  379  326  293  289  473  144  77  202  358  211  157  175  230  54  264  429  381  259  168  407  232  370  383  363  101  271  265  372  74  364  342  152  110  418  413  391  470  58  30  468  66  434  326  200  64  275  66  259  133  258  40  219  166  31  42  129  135  386  223  97  239  122  126  102  440  20  223  218  91  309  411  42  121  370  70  306  463  4  432  152  102  430  10  214  239  305  363  230  96  358  353  97  272  130  444  86  164  350  11  250  376  51  245  349  138  233  367  12  373  300  328  87  315  222  474  404  245  1  235  337  19  473  210  394  410];
DM = [0  25  56  31  14  56  31  35  54  23  95  5  57  93  65  36  30  64  81  39  61  55  46  28  77  48  30  55  68  91  11  2  4  97  63  29  55  6  38  18  44  22  87  4  49  0  34  9  34  54  34  94  71  88  5  29  64  57  48  53  19  100  27  17  99  66  8  11  92  92  22  21  16  48  17  25  87  70  23  4  53  0  61  26  48  41  52  63  95  12  9  35  67  72  9  81  49  54  42  15  76  4  34  42  89  73  92  13  31  24  35  9  20  67  4  66  1  29  58  36  75  82  47  11  71  90  45  27  43  35  18  92  75  48  3  32  5  47  34  40  95  41  100  98  12  66  12  40  42  36  49  7  76  44  63  58  14  11  0  36  67  58  17  60  92  64  95  40  47  8  62  61  92  100  35  96  31  67  40  58  18  76  42  6  1  75  18  26  72  1  50  52  85  26  11  47  1  80  71  36];
DK = [25  5  42  28  10  9  44  28  22  0  2  2  19  9  38  42  6  3  23  19  15  35  32  24  21  47  28  44  27  15  11  49  19  41  24  34  6  23  18  31  22  3  4  2  14  45  25  4  13  40  50  31  26  8  22  38  19  25  9  8  11  33  1  43  15  34  23  18  34  35  46  0  33  6  45  19  46  50  31  0  10  20  31  1  19  50  43  48  38  18  28  35  20  40  13  37  44  5  48  19  43  39  20  20  2  0  23  18  21  6  46  36  19  8  37  40  32  31  10  44  34  8  16  26  30  38  15  38  43  18  26  31  11  1  35  2  0  32  15  50  5  19  29  21  46  6  8  48  36  41  16  2  11  6  27  42  41  39  30  32  42  31  50  7  13  0  46  24  18  32  9  0  35  38  48  24  5  6  6  4  1  8  30  19  0  15  40  50  38  34  15  48  29  35  45  37  9  24  26  19];
NP = [55  54  11  39  11  32  3  26  16  18  11  3  38  5  36  75  44  54  48  39  73  4  22  57  70  20  66  68  56  35  26  37  36  18  17  40  17  6  73  1  44  12  17  47  68  15  29  45  10  8  58  69  39  74  16  11  66  19  13  54  61  43  37  1  17  21  41  16  12  35  46  19  54  62  33  32  50  36  22  12  13  34  53  68  38  28  48  25  53  65  57  20  71  73  69  61  47  23  34  4  4  2  66  15  45  22  32  73  25  37  42  19  28  2  36  15  65  42  69  72  59  36  71  53  5  53  64  71  14  34  17  37  34  12  65  49  74  13  10  7  11  10  71  42  62  62  1  48  28  29  51  61  18  69  25  17  45  51  55  62  34  64  6  50  33  33  44  0  24  39  2  40  60  30  29  27  5  18  59  42  2  74  64  23  18  31  22  73  53  22  10  70  26  44  15  65  1  64  5  31];

cap = [25  28  31  39  24  26  29  22  29  22  35  31  29  32  22  36  40  35  24  37  33  24  23  24  39  39  22  39  39  33  36  40  25  35  26  36  36  24  22  29  31  31  23  38  40  24  30  26  28  20  20  33  40  40  35  22  20  31  35  33  37  35  22  34  38  21  40  24  32  37];
eurosMin = [0.36  0.05  0.22  0.02  0.26  0.02  0.13  0.22  0.03  0.13  0.31  0.11  0.41  0.33  0.27  0.03  0.06  0.16  0.17  0.23  0.31  0.32  0.39  0.25  0.47  0.12  0.4  0.1  0.21  0.38  0.16  0.34  0.33  0.2  0.03  0.32  0.45  0.39  0.37  0.49  0.18  0.23  0.5  0.33  0.02  0.11  0.26  0.47  0.32  0.05  0.33  0.42  0.34  0.04  0.05  0.36  0.18  0.39  0.09  0.39  0.05  0.38  0.09  0.37  0.1  0.03  0.03  0.3  0.07  0.04];
eurosKm = [0.5  0.06  0.41  0.17  0.29  0.3  0.14  0.23  0.4  0.35  0.18  0.32  0.03  0.02  0.08  0.06  0.42  0.42  0.07  0.37  0.34  0.31  0.19  0.09  0.24  0.21  0.23  0.41  0.23  0.41  0.08  0.31  0.39  0.07  0.36  0.15  0.15  0.46  0.4  0.32  0.44  0.37  0.46  0.35  0.24  0.38  0.23  0.42  0.27  0.13  0.49  0.4  0.42  0.32  0.5  0.24  0.27  0.26  0.43  0.39  0.0  0.37  0.14  0.14  0.14  0.04  0.45  0.1  0.08  0.01];

maxD = [252  376  254  381  388  265  387  282  290  316  292  361  309  253  356  361  380  359  396  363  240  313  369  370  259  392  364  306  379  327  352  308  347  328  255  295  320  317  316  257  272  356  371  293  317  307  275  363  350  370  365  304  301  320  327  350  296  299  347  331  262  296  370  254  393  339  333  362  287  281];

