nServices = 250;
nDrivers = 70;
nBuses = 70;
maxBuses = 65;
BM = 50;
CBM = 0.5;
CEM = 0.75;

ST = [339  83  448  26  71  454  65  234  468  212  326  4  392  174  53  446  472  264  436  306  345  172  243  249  140  24  221  160  135  149  354  186  416  10  323  295  369  82  219  181  167  164  459  179  24  116  470  167  438  278  119  160  196  323  15  45  12  241  372  462  326  192  50  339  173  163  30  65  416  114  132  15  134  283  235  119  398  26  460  105  448  143  343  237  110  159  211  418  232  142  387  369  344  71  286  264  223  314  325  293  324  104  97  237  170  134  233  88  199  33  19  215  1  101  305  196  372  344  401  128  307  160  204  106  20  451  121  193  20  239  429  436  386  78  56  158  94  26  464  126  146  21  51  172  171  43  313  71  193  352  381  126  333  168  97  205  449  62  306  131  408  352  257  148  424  163  442  433  35  291  54  424  444  87  364  263  196  306  323  113  367  1  149  292  28  92  159  10  394  250  80  234  292  313  48  382  94  199  135  53  430  387  409  249  349  77  38  469  455  264  238  22  171  347  192  127  50  144  474  138  254  214  44  177  268  289  226  411  98  238  360  3  26  26  53  138  226  210  69  215  123  433  159  319  425  372  109  135  271  320];
DM = [35  59  1  56  30  7  57  62  10  47  60  2  86  50  49  0  1  87  39  11  8  38  64  5  47  34  7  39  10  77  80  36  47  95  48  34  28  71  39  26  66  28  1  55  63  65  7  96  38  18  40  12  21  17  67  33  37  43  92  6  80  57  25  57  55  37  98  57  4  78  90  68  41  30  43  21  35  18  10  16  6  70  19  36  64  27  81  51  57  59  72  48  4  93  61  30  97  55  85  92  98  85  79  24  86  98  53  80  56  94  3  50  56  63  71  89  63  76  66  19  97  36  31  12  4  27  71  11  92  50  16  30  67  64  71  68  30  40  16  45  4  61  21  2  35  53  98  92  84  96  67  15  70  68  35  73  12  53  13  74  14  38  29  1  38  84  31  11  66  7  62  11  1  68  65  65  33  93  96  82  19  90  14  33  84  89  66  90  79  31  83  98  37  78  68  30  2  93  99  58  37  13  60  59  57  20  95  7  15  81  88  23  69  85  23  47  29  37  3  20  39  54  36  1  22  57  50  48  24  90  81  7  81  45  17  60  63  94  41  19  17  26  11  44  30  90  26  38  13  53];
DK = [48  25  2  33  8  0  12  16  21  45  26  4  3  29  7  46  42  8  1  12  44  16  13  45  48  35  47  34  1  12  33  36  4  14  31  25  36  43  47  0  50  7  33  49  41  18  42  24  21  28  36  33  14  2  29  11  7  50  36  46  0  25  15  21  37  9  16  0  43  47  14  47  10  31  19  5  46  2  18  9  33  49  43  3  2  10  6  16  50  47  47  43  27  3  22  18  46  47  13  30  20  33  2  6  36  32  31  8  6  19  27  5  22  15  50  26  28  38  12  26  31  23  11  33  17  7  28  38  5  41  14  17  4  4  1  13  20  6  1  13  25  22  45  2  12  38  26  2  39  30  23  41  33  46  14  21  40  1  3  26  38  21  33  20  1  44  36  2  12  20  46  13  8  20  27  32  19  13  37  45  45  41  15  12  12  21  20  47  11  21  39  13  19  25  15  14  1  3  25  6  36  45  16  30  36  46  8  15  31  30  5  43  48  45  32  38  24  44  38  43  24  34  46  24  38  36  18  36  40  27  28  3  32  2  23  5  29  32  32  28  36  47  1  34  41  2  33  15  34  5];
NP = [8  71  17  16  62  70  38  30  22  42  37  63  69  67  75  53  65  57  43  32  57  27  8  24  55  25  5  16  62  39  67  56  30  18  43  1  24  52  19  26  57  45  7  3  34  53  7  63  35  45  20  13  10  6  28  72  46  63  26  54  8  22  36  53  38  68  67  1  45  37  32  8  35  12  58  40  56  20  70  53  31  67  40  61  53  15  63  74  75  32  24  25  48  40  14  11  46  52  5  60  52  31  4  56  68  60  69  28  50  34  32  8  28  55  34  47  7  14  31  17  70  62  48  39  33  18  23  1  51  70  8  9  40  24  32  49  36  47  18  67  26  8  49  43  24  35  50  31  19  14  36  28  11  46  36  34  13  35  5  41  27  50  68  34  53  69  9  68  30  21  71  4  8  24  36  44  30  71  52  7  1  24  36  22  52  75  5  42  63  35  16  13  51  52  26  5  44  1  75  40  41  52  6  6  16  27  44  24  55  72  34  3  52  64  11  69  50  50  47  32  52  74  75  52  3  3  16  64  26  13  67  52  54  3  54  45  67  25  0  10  11  11  60  44  71  33  39  74  10  14];

cap = [33  31  25  20  37  36  27  23  40  34  36  39  36  21  24  30  40  27  30  29  27  31  20  31  39  27  39  32  25  24  28  24  25  35  32  20  40  36  31  33  38  24  37  39  38  29  32  35  24  33  40  21  27  26  21  34  34  25  37  27  29  39  28  39  27  40  27  30  38  26];
eurosMin = [0.24  0.42  0.45  0.08  0.1  0.46  0.2  0.48  0.16  0.06  0.29  0.06  0.09  0.24  0.38  0.05  0.06  0.03  0.08  0.35  0.18  0.1  0.29  0.42  0.12  0.15  0.3  0.4  0.24  0.4  0.01  0.32  0.3  0.12  0.17  0.21  0.04  0.31  0.21  0.23  0.34  0.48  0.32  0.06  0.33  0.41  0.13  0.24  0.4  0.38  0.22  0.01  0.04  0.26  0.39  0.39  0.32  0.37  0.47  0.32  0.39  0.26  0.04  0.27  0.04  0.27  0.41  0.09  0.45  0.35];
eurosKm = [0.31  0.26  0.02  0.38  0.49  0.39  0.18  0.42  0.1  0.12  0.2  0.03  0.11  0.45  0.05  0.18  0.42  0.4  0.28  0.32  0.19  0.06  0.05  0.34  0.05  0.49  0.04  0.34  0.26  0.05  0.15  0.45  0.47  0.47  0.1  0.31  0.27  0.5  0.41  0.42  0.19  0.05  0.19  0.23  0.26  0.18  0.46  0.09  0.31  0.2  0.3  0.48  0.44  0.15  0.22  0.38  0.29  0.11  0.43  0.44  0.37  0.26  0.34  0.17  0.24  0.03  0.01  0.11  0.1  0.46];

maxD = [245  364  330  317  378  385  261  308  327  338  289  312  396  321  388  361  385  320  370  367  261  380  379  366  379  392  331  386  379  309  265  259  276  261  338  367  374  362  378  335  400  350  246  364  334  378  311  321  380  244  339  392  385  366  344  282  253  310  293  399  303  265  313  368  280  264  342  286  385  308];

