nServices = 300;
nDrivers = 75;
nBuses = 75;
maxBuses = 70;
BM = 50;
CBM = 0.5;
CEM = 0.75;

ST = [334  392  388  149  295  9  20  159  235  379  362  15  44  251  71  179  254  216  446  209  156  233  156  265  126  359  132  458  10  397  106  202  275  389  284  370  78  151  457  413  464  335  73  79  359  353  113  44  302  368  194  232  193  427  8  265  80  170  110  200  245  360  270  339  438  423  12  60  264  428  417  107  43  78  280  452  227  64  188  33  386  46  155  46  256  41  373  346  227  10  64  300  307  81  439  34  194  352  180  269  43  84  307  67  217  416  206  0  181  207  300  266  97  58  223  127  427  41  251  29  468  179  120  149  297  397  417  229  266  173  422  16  475  177  309  468  346  438  390  116  91  85  381  358  205  458  123  362  126  367  209  12  44  366  202  56  127  409  364  123  437  216  73  204  24  380  279  205  81  75  65  85  19  472  259  16  265  36  318  163  84  310  360  301  428  410  179  430  221  389  443  260  4  167  361  88  307  404  19  274  102  440  392  164  366  93  123  243  82  207  339  186  461  242  444  76  253  252  422  296  21  470  176  91  127  342  30  302  42  383  335  436  418  131  449  64  216  122  362  141  251  141  230  301  47  332  61  90  355  155  50  307  275  212  325  308  345  298  441  359  341  475  243  199  164  299  137  87  458  207  253  278  329  281  292  1  32  41  406  39  114  236  242  64  109  339  68  393  72  68  399  204  192  314  263  407  195  417  366  158];
DM = [55  25  9  39  8  5  70  34  39  31  13  4  75  21  8  13  84  51  2  38  60  18  30  25  11  48  66  20  85  70  77  57  85  33  28  68  11  69  16  27  13  47  3  0  77  93  68  96  45  99  83  23  71  34  21  96  31  100  71  90  13  90  26  17  16  3  46  87  7  0  16  3  97  30  31  18  25  58  14  89  78  70  16  64  31  35  42  19  12  77  63  43  36  82  23  87  51  24  41  74  21  3  6  22  69  13  76  58  90  15  45  56  41  54  91  84  22  64  25  15  9  1  82  41  81  44  14  10  57  97  40  81  4  57  23  11  95  3  0  81  67  80  35  2  71  18  23  45  13  82  42  82  14  49  65  86  48  65  1  20  25  62  26  93  13  32  16  1  17  65  62  8  7  4  33  53  93  26  58  61  21  50  86  55  39  21  49  27  29  81  23  71  30  42  62  24  37  65  8  67  17  28  34  53  59  97  51  63  39  14  69  57  17  11  36  82  93  0  12  30  99  8  52  100  45  28  17  52  35  34  96  15  2  7  15  24  43  81  2  60  12  51  65  75  29  43  1  52  86  3  11  96  88  68  98  12  52  54  22  67  36  4  45  47  79  89  14  43  20  34  49  63  91  10  21  5  79  10  66  88  6  60  29  51  35  10  88  77  90  88  69  75  71  9  76  22  27  13  30  77];
DK = [22  40  41  21  30  31  49  25  44  3  22  17  4  27  19  45  3  33  50  28  27  25  43  38  20  10  30  38  50  17  45  31  30  4  22  14  15  44  35  29  43  2  45  26  7  25  4  1  31  38  7  9  45  10  9  35  21  11  45  26  5  41  27  13  29  34  35  32  19  12  15  47  1  47  11  31  43  50  22  15  18  32  23  23  22  31  17  43  10  44  35  35  7  2  30  10  32  26  3  35  11  46  30  1  39  13  39  17  44  21  8  41  7  28  14  47  9  21  12  28  41  36  14  9  24  15  41  16  5  18  14  47  39  30  19  26  28  30  41  19  39  28  20  37  24  49  0  42  20  1  44  45  9  24  27  20  33  28  45  23  15  11  29  12  27  9  25  34  31  42  39  10  14  22  11  9  7  49  23  4  35  40  38  3  13  41  36  42  13  45  19  6  48  10  37  14  49  6  48  22  32  26  28  37  24  7  21  11  25  24  41  20  46  44  46  9  11  46  29  7  49  27  39  35  30  37  12  2  15  12  29  12  39  13  5  17  0  43  24  18  10  16  32  25  43  22  33  13  23  39  26  3  24  48  33  10  25  25  33  10  10  40  29  40  39  28  35  10  17  36  15  25  24  18  18  45  24  8  15  29  11  36  45  29  20  15  32  36  23  26  12  30  43  50  43  46  4  44  27  46];
NP = [37  19  48  24  64  67  3  25  49  51  11  29  33  20  5  21  29  49  14  41  45  33  24  30  50  68  3  66  46  47  16  0  60  54  16  61  8  5  64  29  52  70  13  51  22  56  24  53  52  35  61  35  60  46  7  62  63  68  48  55  65  40  45  32  10  17  31  47  21  3  38  63  50  54  56  68  47  36  72  1  42  32  22  35  43  52  16  43  0  60  20  40  9  67  68  71  49  71  32  73  17  38  18  69  14  2  72  25  30  24  19  23  34  11  63  44  37  26  40  61  58  36  30  16  55  31  7  54  44  18  21  23  1  31  3  18  42  1  55  60  13  20  12  54  60  75  58  71  37  23  73  60  32  6  49  61  23  47  15  58  10  13  21  48  69  22  44  52  47  63  69  0  30  44  70  21  44  2  61  67  70  41  74  25  35  29  68  1  21  26  74  7  24  44  43  41  71  40  2  6  18  41  46  75  58  24  19  71  58  4  32  39  52  5  45  56  24  3  72  0  14  72  19  37  42  6  1  10  17  28  73  75  50  74  12  4  72  16  55  57  30  51  44  3  13  7  40  23  49  4  18  71  35  21  25  5  45  72  69  29  0  19  19  66  8  35  13  62  50  34  9  2  27  5  54  68  74  27  61  14  63  34  49  26  30  61  4  64  26  44  47  39  8  42  29  51  70  16  18  20];

cap = [31  27  34  36  20  35  38  21  26  21  20  29  28  37  26  31  30  27  35  28  39  31  25  38  39  35  27  37  26  36  32  30  20  26  35  32  27  21  25  40  26  24  21  24  25  27  28  38  23  30  36  39  24  26  28  26  34  39  38  22  35  24  33  38  29  21  34  36  30  26  30  23  39  40  20];
eurosMin = [0.07  0.39  0.14  0.42  0.4  0.02  0.09  0.18  0.3  0.27  0.18  0.33  0.34  0.34  0.37  0.08  0.05  0.06  0.25  0.14  0.15  0.49  0.44  0.33  0.18  0.1  0.23  0.38  0.47  0.27  0.49  0.06  0.09  0.09  0.07  0.44  0.28  0.2  0.14  0.46  0.11  0.12  0.29  0.14  0.08  0.35  0.28  0.01  0.03  0.5  0.1  0.18  0.35  0.1  0.06  0.28  0.2  0.42  0.42  0.38  0.38  0.26  0.45  0.09  0.27  0.07  0.33  0.1  0.49  0.04  0.45  0.24  0.29  0.47  0.1];
eurosKm = [0.13  0.43  0.39  0.31  0.36  0.21  0.31  0.49  0.44  0.11  0.33  0.04  0.49  0.04  0.14  0.21  0.26  0.17  0.47  0.39  0.08  0.22  0.27  0.34  0.1  0.08  0.34  0.03  0.46  0.0  0.37  0.29  0.36  0.28  0.09  0.13  0.12  0.46  0.12  0.0  0.07  0.09  0.19  0.11  0.15  0.2  0.33  0.37  0.13  0.45  0.46  0.5  0.21  0.21  0.05  0.06  0.15  0.05  0.48  0.28  0.46  0.19  0.39  0.31  0.44  0.26  0.07  0.08  0.38  0.2  0.41  0.36  0.2  0.2  0.07];

maxD = [377  324  297  245  347  243  396  313  293  288  356  268  392  399  274  390  349  299  243  328  302  368  293  318  297  316  395  281  241  312  242  359  327  326  355  332  284  286  316  382  325  330  398  374  295  252  309  309  394  295  270  272  341  373  313  341  362  321  269  280  372  354  315  291  321  288  337  264  281  389  307  244  276  294  276];

