nServices = 350;
nDrivers = 75;
nBuses = 85;
maxBuses = 75;
BM = 50;
CBM = 0.5;
CEM = 0.75;

ST = [374  197  142  126  474  58  199  92  252  62  391  269  444  359  376  300  312  292  250  404  404  111  215  329  187  183  441  159  431  222  236  150  342  175  92  159  361  46  118  94  166  57  477  47  323  313  472  324  115  2  458  425  75  207  290  408  27  336  170  102  401  229  164  134  155  467  12  353  297  38  242  46  259  251  346  175  113  52  5  233  103  464  376  406  359  337  183  470  444  299  242  347  195  58  75  383  213  266  269  220  178  72  85  250  317  355  336  175  289  136  275  417  28  124  339  253  303  176  429  203  401  263  273  130  318  101  466  105  454  111  116  50  154  83  98  453  415  86  307  223  285  79  471  179  57  339  386  218  237  33  70  276  163  226  106  43  284  424  289  290  140  450  273  18  300  47  92  188  473  341  36  429  206  291  341  344  285  114  28  249  71  411  156  379  373  476  99  320  127  310  32  457  6  173  171  173  0  431  125  132  266  458  149  89  197  350  419  100  341  122  126  50  266  135  166  162  462  51  240  461  382  105  296  476  264  154  34  331  189  275  238  435  123  418  45  188  283  55  390  194  361  434  219  425  371  415  371  302  98  320  430  353  285  236  350  459  39  12  266  63  403  446  449  117  237  96  89  284  447  340  458  44  370  470  425  166  255  0  11  319  39  477  249  145  300  60  372  171  324  65  25  323  41  406  374  265  456  110  298  248  216  462  231  121  444  349  122  332  461  265  162  354  464  22  12  242  358  156  335  393  277  247  477  180  400  290  33  431  69  376  350  77  128  32  291  27  175  132  200  315  54  440  249  13  432  141  445  312  266  109];
DM = [8  96  25  89  3  8  22  39  97  36  77  40  6  25  84  27  96  18  13  27  39  67  98  51  7  31  11  26  49  56  77  85  68  1  73  75  70  2  16  46  41  11  2  19  79  15  5  89  5  8  16  6  55  71  72  31  29  33  95  75  7  69  66  45  27  4  42  32  42  48  67  17  74  80  40  68  56  41  95  35  13  11  56  37  19  25  43  4  24  1  51  94  26  91  39  9  58  4  62  75  26  24  16  26  63  23  94  51  19  90  44  1  55  81  4  8  12  32  23  21  26  57  11  54  42  82  13  49  8  15  24  60  59  98  80  17  22  10  50  75  2  14  0  94  15  37  0  88  77  57  31  51  97  29  40  5  76  14  87  67  51  14  65  15  98  77  98  66  6  10  56  49  20  69  100  55  15  19  100  44  11  21  92  15  84  2  29  9  89  48  78  12  84  8  84  99  97  17  14  80  42  5  11  91  7  47  56  14  62  39  28  45  25  59  55  60  7  38  59  2  7  61  57  3  73  49  12  48  70  22  10  1  74  30  74  32  29  18  89  28  7  5  81  52  42  47  79  44  17  94  8  18  33  36  57  21  77  56  45  84  16  13  26  93  1  6  9  28  1  89  5  2  51  0  50  44  8  88  78  51  63  3  33  22  22  30  39  87  34  98  100  22  53  35  61  59  0  23  76  36  9  10  47  35  9  59  8  7  11  27  72  6  8  5  34  80  43  38  73  85  87  0  3  83  14  83  38  46  18  84  79  45  80  49  88  2  83  45  5  82  83  34  83  15  17  89  15  69  31  57];
DK = [27  24  2  1  31  20  0  46  45  45  12  39  18  26  39  29  23  38  37  38  8  9  50  4  8  20  6  32  11  38  34  21  50  37  2  7  4  10  41  21  12  25  31  18  45  4  13  25  17  7  8  18  28  30  24  34  11  44  49  24  39  3  4  19  34  2  4  5  43  4  35  12  49  25  9  48  20  45  42  45  43  49  2  46  35  44  11  43  27  2  45  6  12  18  28  1  35  15  11  43  39  49  18  42  22  35  37  44  31  11  5  40  17  41  27  42  50  2  47  29  7  14  27  38  28  37  7  3  4  11  39  1  49  37  17  45  1  19  27  49  16  24  30  18  35  13  23  8  22  28  29  9  37  42  15  28  13  39  45  29  10  19  48  46  11  30  10  12  0  36  24  18  38  12  43  10  39  17  11  12  41  38  7  3  3  38  4  32  49  39  26  1  46  30  19  25  35  28  49  27  28  48  35  21  50  46  11  7  42  27  8  4  8  20  38  3  21  14  47  37  8  40  43  9  18  23  28  18  0  24  38  22  30  28  34  14  37  13  11  17  26  29  44  8  42  20  49  29  22  42  22  16  35  19  32  36  11  5  22  16  35  13  23  19  4  4  5  15  5  48  10  27  12  50  42  28  7  15  14  7  38  14  41  0  45  20  38  18  38  26  41  48  28  10  6  20  4  26  2  33  34  42  36  9  14  10  6  38  16  19  47  0  10  35  12  33  35  13  16  45  24  21  13  43  27  25  45  24  49  13  13  43  44  38  29  15  28  21  48  31  15  13  34  39  11  20  17  36  40  39];
NP = [14  37  37  31  65  43  25  21  50  46  58  63  65  68  59  1  30  17  7  6  56  18  7  36  13  4  34  47  48  65  19  14  18  51  70  55  57  27  67  13  22  1  5  49  24  21  41  70  24  47  72  52  37  50  19  44  4  15  60  55  50  5  39  63  15  11  16  72  56  52  66  49  63  18  72  12  0  27  14  5  15  30  35  13  10  37  40  53  2  20  8  20  64  59  19  48  1  30  5  41  69  63  28  10  48  17  4  55  48  53  13  34  30  28  70  48  8  74  57  55  29  57  36  35  28  43  37  9  29  62  21  31  1  45  25  41  2  51  37  67  58  30  7  2  41  35  34  10  65  50  13  2  54  70  2  44  59  24  15  50  71  30  8  43  69  15  53  40  7  28  44  1  52  42  59  66  29  3  56  48  58  56  0  73  22  42  10  60  38  66  47  58  71  35  17  23  35  22  60  67  35  68  29  32  54  48  59  66  57  20  37  62  38  67  53  64  67  23  5  39  7  38  64  60  59  14  29  38  23  22  55  49  32  69  9  29  28  74  15  2  10  59  5  51  40  68  10  24  14  0  11  71  5  49  50  32  12  32  43  67  64  0  55  72  36  25  3  70  68  28  4  52  30  72  57  42  72  47  58  16  11  19  48  47  40  60  13  74  58  13  56  15  29  1  10  1  69  67  63  51  40  63  38  40  25  1  46  5  67  20  70  65  69  34  74  9  56  23  37  18  75  14  66  14  50  47  21  31  44  62  38  62  34  14  51  72  41  4  22  7  53  13  1  66  64  40  30  68  6  11];

cap = [27  31  37  25  36  36  36  24  36  26  36  34  33  28  29  33  36  29  25  26  36  39  39  25  27  32  27  39  24  40  22  30  20  39  35  30  22  25  21  33  40  22  35  23  35  21  25  35  32  32  40  28  33  34  24  27  23  40  26  35  37  28  34  31  35  32  27  33  21  34  33  40  32  21  40  33  37  21  28  29  35  20  31  38  34];
eurosMin = [0.38  0.37  0.23  0.27  0.35  0.4  0.05  0.24  0.47  0.13  0.29  0.44  0.43  0.33  0.14  0.49  0.46  0.12  0.2  0.31  0.33  0.48  0.41  0.11  0.11  0.45  0.15  0.02  0.34  0.17  0.14  0.04  0.43  0.46  0.24  0.36  0.47  0.41  0.08  0.29  0.26  0.26  0.28  0.41  0.27  0.03  0.12  0.18  0.3  0.01  0.11  0.04  0.3  0.31  0.13  0.43  0.48  0.5  0.48  0.41  0.45  0.2  0.1  0.31  0.39  0.44  0.24  0.45  0.06  0.48  0.16  0.44  0.43  0.23  0.44  0.06  0.11  0.3  0.29  0.37  0.47  0.39  0.28  0.07  0.28];
eurosKm = [0.11  0.26  0.13  0.34  0.06  0.06  0.48  0.49  0.03  0.2  0.2  0.24  0.47  0.29  0.28  0.34  0.07  0.18  0.17  0.3  0.41  0.35  0.42  0.22  0.39  0.41  0.06  0.1  0.46  0.32  0.03  0.25  0.45  0.23  0.4  0.14  0.14  0.42  0.05  0.35  0.26  0.28  0.28  0.25  0.39  0.35  0.11  0.41  0.09  0.27  0.2  0.41  0.01  0.34  0.28  0.37  0.35  0.33  0.32  0.04  0.44  0.2  0.41  0.02  0.2  0.27  0.15  0.18  0.3  0.32  0.19  0.15  0.19  0.29  0.16  0.1  0.28  0.37  0.21  0.24  0.43  0.29  0.27  0.43  0.02];

maxD = [389  367  309  283  310  384  274  358  267  280  373  343  378  354  305  292  396  344  386  336  345  296  377  310  290  279  255  311  347  352  351  283  332  346  359  340  312  256  314  378  323  323  336  360  262  337  249  325  243  245  298  350  281  297  240  374  308  287  391  353  343  356  322  354  349  281  282  348  355  273  373  390  321  268  314];

