nServices = 50;
nDrivers = 20;
nBuses = 20;
maxBuses = 15;
BM = 50;
CBM = 0.5;
CEM = 0.75;

ST = [3  181  269  223  456  73  268  155  84  430  180  218  216  408  295  422  149  85  78  471  22  246  333  86  272  127  190  311  375  23  216  25  197  51  198  109  362  202  334  15  193  347  445  225  399  361  187  243  160  113];
DM = [91  49  95  5  7  8  27  9  84  37  63  1  93  70  16  30  68  98  6  1  34  74  89  14  73  7  87  48  94  29  0  88  5  90  65  26  98  45  47  46  50  19  18  85  32  66  44  52  4  10];
DK = [48  31  37  34  48  26  42  23  0  9  45  44  50  29  4  19  36  32  22  6  22  27  7  8  18  31  23  35  1  39  4  38  41  42  25  13  29  25  1  30  31  35  2  8  43  5  12  12  13  31];
NP = [70  37  3  33  1  42  71  12  44  62  25  22  35  15  33  25  19  9  14  9  46  70  15  5  68  34  3  63  36  2  25  3  46  51  18  16  32  39  18  50  72  43  36  67  69  33  55  35  12  63];

cap = [21  34  34  36  26  34  31  29  26  33  40  36  30  28  32  20  36  26  26  20];
eurosMin = [0.17  0.12  0.21  0.1  0.08  0.25  0.19  0.09  0.48  0.09  0.13  0.48  0.21  0.01  0.29  0.49  0.35  0.22  0.24  0.47];
eurosKm = [0.08  0.19  0.03  0.03  0.39  0.2  0.28  0.26  0.0  0.08  0.32  0.18  0.09  0.09  0.02  0.41  0.11  0.14  0.16  0.35];

maxD = [341  256  306  292  289  343  388  263  303  360  240  353  333  386  389  360  294  362  297  325];

